20
0 2140 1720 2130 1520 3260 2640 3400 1950 2450 2740 3230 2070 2050 780 830 3260 2200 1760 1520
2140 0 670 770 880 1010 400 2910 1000 1060 2350 980 1050 350 1500 1880 1010 590 640 1090
1720 670 0 1190 200 1710 1090 3160 440 1520 2500 1680 1310 330 1180 990 1710 650 60 350
2130 770 1190 0 1370 1520 900 2170 1200 3030 1610 1490 310 920 1500 2090 1520 1330 1110 1300
1520 880 200 1370 0 2290 1660 3340 620 1700 2680 2250 1490 530 1360 780 2280 690 240 350
3260 1010 1710 1520 2290 0 620 3680 2120 1820 3120 530 1820 1380 2620 3000 1800 1860 2020 2740
2640 400 1090 900 1660 620 0 3070 1500 1200 2510 590 1210 760 2010 2380 620 890 1410 1600
3400 2910 3160 2170 3340 3680 3070 0 2730 2280 620 3650 1850 2890 2640 3660 3680 3460 3090 2870
1950 1000 440 1200 620 2120 1500 2730 0 1530 2080 2080 1260 670 760 920 2120 1060 380 130
2450 1060 1520 3030 1700 1820 1200 2280 1530 0 1720 1780 420 1250 1810 2420 1820 1610 1440 1660
2740 2350 2500 1610 2680 3120 2510 620 2080 1720 0 3090 1300 2330 1980 3000 3120 2900 2440 2210
3230 980 1680 1490 2250 530 590 3650 2080 1780 3090 0 1790 1350 2590 2970 530 1470 1990 2220
2070 1050 1310 310 1490 1820 1210 1850 1260 420 1300 1790 0 1050 1420 2120 1820 1600 1240 1400
2050 350 330 920 530 1380 760 2890 670 1250 2330 1350 1050 0 1300 1320 1380 610 290 660
780 1500 1180 1500 1360 2620 2010 2640 760 1810 1980 2590 1420 1300 0 1680 2620 1800 1120 890
830 1880 990 2090 780 3000 2380 3660 920 2420 3000 2970 2120 1320 1680 0 3000 1470 1030 780
3260 1010 1710 1520 2280 1800 620 3680 2120 1820 3120 530 1820 1380 2620 3000 0 1510 2020 2210
2200 590 650 1330 690 1860 890 3460 1060 1610 2900 1470 1600 610 1800 1470 1510 0 680 1050
1760 640 60 1110 240 2020 1410 3090 380 1440 2440 1990 1240 290 1120 1030 2020 680 0 370
1520 1090 350 1300 350 2740 1600 2870 130 1660 2210 2220 1400 660 890 780 2210 1050 370 0

Dwadziescia stolic europejskich, w kolejnosci:
['Ateny', 'Berlin', 'Bratys\xb3awa', 'Bruksela', 'Budapeszt', 
'Helsinki', 'Kopenhaga', 'Lisbona', 'Ljubljana', 'Londyn', 
'Madryt', 'Oslo', 'Pary\xbf', 'Praga', 'Rzym', 'Sofia', 
'Sztokholm', 'Warszawa', 'Wiede\xf1', 'Zagrzeb']
