11
0   41 79 12 78 28  24 88 100 99 47 
41  0  72 35 36 80  58 85 20  4  53 
79  72 0  35 11 90  54 97 44  85 78 
12  35 35 0  40 67  70 39 5   8  90 
78  36 11 40 0  30  81 61 90  43 93 
28  80 90 67 30 0   46 42 100 34 45 
24  58 54 70 81 46  0  14 38  54 15 
88  85 97 39 61 42  14 0  97  32 86 
100 20 44 5  90 100 38 97 0   88 65 
99  4  85 8  43 34  54 32 88  0  97 
47  53 78 90 93 45  15 86 65  97 0 

